0 9 21 19 27 11 49 13 41 3 17 23 5 43 47 25 33 45 29 7 
1 45 49 11 33 17 41 5 9 27 21 23 13 19 29 43 7 3 47 
2 13 43 3 17 37 19 29 45 41 9 27 39 7 31 5 11 35 23 47 
3 17 35 3 27 25 19 37 13 39 43 7 31 23 47 29 45 
4 23 15 25 37 43 45 31 29 33 35 3 7 39 19 49 13 47 17 27 21 1 
5 21 33 45 5 3 25 23 27 39 1 15 47 35 49 41 19 
6 23 49 39 21 45 27 31 5 25 19 37 3 47 15 
7 25 1 19 9 43 27 49 35 23 41 13 39 21 29 3 
8 37 43 9 25 33 5 29 27 39 13 1 21 
9 43 39 13 49 15 47 27 25 21 11 45 9 
10 21 25 9 3 11 37 27 31 35 41 29 7 45 39 15 1 17 
11 9 47 43 37 19 21 25 5 1 45 3 41 13 27 
12 21 9 3 33 1 45 39 27 25 49 29 5 35 
13 3 15 33 1 35 19 41 37 29 21 9 
14 37 19 45 11 1 9 15 35 21 3 29 47 31 23 41 
15 13 31 33 21 25 19 15 47 41 11 9 39 29 37 
16 9 7 49 21 33 15 31 35 43 29 11 5 
17 37 27 11 21 15 23 39 19 9 3 7 35 17 47 29 1 41 
18 35 47 5 27 1 41 39 33 37 15 7 9 49 29 45 23 
19 19 33 9 37 41 11 31 17 47 5 23 13 21 
20 29 15 39 7 47 9 27 11 45 25 1 
21 47 31 19 23 39 15 33 29 35 
22 31 49 33 39 23 47 9 15 37 21 3 17 
23 13 37 41 7 25 35 43 23 17 29 27 11 15 47 45 31 9 19 49 
24 41 31 47 11 19 1 23 25 7 35 29 5 
25 29 43 45 15 7 39 49 33 41 27 9 
26 49 13 33 9 37 21 23 15 11 3 19 35 45 39 17 
27 43 7 19 39 11 25 1 9 15 37 13 47 
28 7 31 39 5 11 21 23 19 49 9 29 17 
29 15 27 13 5 9 23 35 33 47 29 19 25 17 
30 3 39 15 27 25 7 45 29 47 49 37 1 
31 19 23 15 37 39 27 3 9 33 25 35 45 17 41 5 
32 7 1 41 49 23 5 35 31 19 13 39 43 33 11 
33 9 19 15 1 21 49 7 39 23 17 
34 17 25 1 27 33 47 31 21 19 11 45 43 39 15 41 7 
35 29 5 13 49 33 43 27 25 41 17 31 23 
36 13 11 9 29 19 49 5 47 45 31 17 25 23 35 
37 17 29 3 43 33 11 1 47 25 41 39 7 
38 17 45 7 27 31 37 47 13 11 1 25 33 49 39 19 21 
39 19 43 29 37 23 15 3 47 35 27 13 5 
40 19 27 29 23 45 41 49 11 35 15 5 13 21 25 39 9 17 1 43 3 
41 5 7 15 39 37 13 41 19 31 33 35 11 
42 21 5 43 11 9 17 25 23 35 45 13 
43 49 25 23 39 35 5 19 41 37 17 33 3 15 47 
44 13 3 7 1 33 37 23 11 49 27 29 
45 33 29 15 47 17 27 7 11 19 45 23 25 21 
46 5 11 1 21 9 45 33 49 41 7 3 25 47 35 29 43 19 
47 1 41 39 11 7 43 21 19 23 29 25 47 35 9 31 
48 37 15 45 7 43 31 33 25 5 19 27 13 11 35 41 29 47 17 1 
49 23 19 49 33 3 11 13 45 29 17 1 5 43 47 
50 39 11 31 43 33 25 41 49 5 7 35 27 37 1 19 17 
51 31 25 13 35 1 23 45 49 9 5 17 
52 11 13 1 7 25 41 45 29 15 9 5 19 43 33 49 3 
53 31 33 13 3 35 23 49 17 47 1 25 7 27 21 5 19 9 43 39 
54 5 45 39 11 35 31 27 13 23 15 43 3 1 49 41 47 
55 11 35 37 41 23 7 19 5 3 9 
56 33 21 43 13 19 23 25 49 39 3 9 41 17 29 
57 13 33 29 27 31 5 25 35 19 49 21 37 39 11 
58 29 43 23 19 15 47 11 37 35 33 5 27 49 9 21 45 25 
59 45 29 11 9 13 25 41 17 47 31 37 15 33 7 
60 23 17 27 9 29 35 19 15 11 7 25 
61 13 45 3 27 35 37 17 39 25 11 33 29 5 21 43 49 47 31 
62 23 41 21 39 17 11 43 37 9 35 1 47 
63 41 15 13 7 3 9 19 25 35 
64 49 7 23 19 13 35 37 5 31 21 45 1 25 27 43 
65 13 11 27 49 45 35 37 25 7 1 31 5 33 41 47 21 23 
66 9 47 49 5 29 43 33 27 1 7 13 15 39 
67 7 3 43 9 25 17 49 37 5 1 13 23 15 33 45 
68 49 33 29 17 19 43 5 21 45 15 47 3 41 37 23 11 13 
69 33 15 23 47 5 37 31 29 43 35 27 25 19 13 21 1 17 
70 13 49 3 39 27 25 31 7 17 29 35 47 11 
71 31 49 33 7 47 35 23 9 25 39 3 43 19 1 21 
72 29 11 41 1 21 9 37 7 49 15 27 25 43 19 31 23 39 5 
73 9 35 5 31 17 33 29 43 25 49 23 27 
74 45 41 29 25 15 3 49 7 11 1 13 9 39 21 27 
75 9 21 11 35 29 1 23 3 19 49 13 
76 19 31 17 9 45 11 3 29 37 33 21 5 
77 3 41 17 33 49 29 11 31 47 21 23 25 7 39 
78 41 37 27 11 35 17 13 1 39 19 49 43 3 5 21 45 29 7 9 
79 5 7 39 27 35 9 23 37 21 43 11 13 19 
80 15 45 25 17 21 27 13 37 9 33 1 35 23 43 7 47 31 41 
81 49 33 27 43 15 23 35 37 
82 33 41 49 13 45 21 37 25 17 5 47 15 
83 29 5 9 17 39 47 43 35 31 19 49 3 21 13 
84 27 37 9 25 17 3 21 49 1 19 29 31 41 13 
85 43 25 35 13 21 29 23 27 39 5 41 49 11 3 45 
86 49 7 27 15 45 19 21 1 17 13 47 
87 43 13 15 23 47 41 45 1 37 21 9 3 33 25 31 29 5 27 
88 15 33 5 1 27 23 47 19 13 39 11 25 29 
89 17 25 35 39 9 11 5 41 19 1 43 13 
90 31 25 27 13 5 47 15 1 23 7 43 9 
91 25 15 43 47 49 29 37 11 5 7 23 45 39 41 21 
92 47 17 3 39 7 9 1 11 23 45 15 31 27 19 43 21 25 
93 47 9 21 43 35 33 13 15 49 37 7 17 
94 31 33 7 27 37 9 47 35 23 41 3 17 11 13 
95 13 35 43 5 19 49 47 29 25 17 27 31 1 3 21 11 
96 19 33 29 31 27 49 11 3 9 21 35 15 37 43 39 23 5 45 
97 29 21 41 43 1 13 23 15 37 25 27 11 3 45 39 49 
98 17 15 19 29 21 49 11 3 23 45 39 
99 33 11 31 5 27 17 7 1 49 37 13 35 
100 13 39 21 29 23 11 5 19 37 33 49 7 25 9 41 
101 17 15 37 35 13 7 31 21 41 47 27 11 19 23 33 43 1 9 3 
102 31 13 29 35 9 21 49 37 19 41 25 15 1 23 
103 39 9 27 21 5 13 19 7 45 3 
104 37 25 31 21 35 47 33 13 41 9 5 27 3 39 
105 27 47 13 3 1 31 11 19 29 37 21 23 39 9 15 41 17 35 25 33 
106 25 19 11 3 21 47 45 37 
107 43 25 15 9 39 3 21 31 35 47 7 17 37 1 49 
108 17 43 49 29 47 35 1 25 9 7 13 21 27 31 45 23 
109 13 43 11 45 47 49 41 1 21 37 5 3 17 7 
110 35 45 27 21 43 29 9 31 17 37 25 7 1 39 15 
111 39 1 7 37 5 25 33 43 47 23 15 3 27 49 19 45 9 13 
112 15 33 43 1 11 9 19 17 13 29 35 49 25 47 23 27 
113 49 13 19 5 47 29 15 21 33 41 1 25 45 27 17 9 23 3 
114 5 37 11 49 43 1 31 23 39 41 21 45 17 3 
115 41 31 23 27 5 47 1 13 3 37 19 25 
116 25 11 13 9 17 23 21 3 1 43 33 31 
117 47 15 3 9 7 33 19 27 45 5 29 39 
118 29 39 47 9 11 33 23 15 25 13 21 5 
119 1 17 35 39 43 15 41 5 3 11 13 37 31 47 
120 45 49 47 33 43 25 35 17 15 41 29 19 39 11 31 13 21 9 5 
121 45 47 5 7 25 27 21 43 13 29 1 
122 15 45 33 35 43 21 25 41 49 17 31 13 27 23 39 
123 1 39 15 43 27 19 7 11 25 
124 37 47 43 49 15 11 1 3 9 13 45 5 
125 19 15 31 27 49 3 45 23 41 35 21 1 39 17 
126 31 21 45 47 5 25 11 29 43 27 15 23 3 35 9 
127 1 23 27 41 29 11 5 45 37 7 13 17 49 3 25 21 
128 11 41 37 29 5 17 27 49 39 47 43 3 21 35 
129 29 43 21 49 41 31 5 17 47 33 19 23 7 3 27 
130 43 7 39 11 1 23 15 41 17 13 35 
131 47 25 33 11 29 13 41 9 3 45 5 23 19 7 43 37 49 
132 13 45 41 1 39 17 5 19 9 11 25 
133 41 11 23 17 15 33 35 31 19 39 47 37 27 45 49 9 21 13 25 29 
134 3 35 47 5 1 9 21 39 33 25 15 43 
135 31 45 41 7 1 37 49 13 47 5 17 21 43 39 23 19 35 9 25 
136 39 35 45 27 5 19 31 21 29 37 47 3 11 1 
137 37 1 47 19 21 45 11 49 33 27 39 23 25 29 31 
138 17 29 25 13 27 3 9 1 39 33 49 23 11 45 35 
139 37 35 49 13 39 33 1 7 3 27 9 41 45 29 25 19 31 
140 35 1 37 23 11 33 41 31 21 25 27 
141 1 21 15 5 33 37 45 49 39 41 25 11 
142 31 35 3 15 43 5 47 21 25 29 17 41 
143 47 49 3 27 25 33 43 9 1 19 35 7 21 37 31 
144 1 45 11 49 13 29 3 37 25 41 21 33 43 7 9 35 39 
145 7 17 35 9 15 37 49 11 27 25 31 1 19 3 43 5 29 
146 27 43 39 3 1 23 47 21 35 41 31 37 7 15 9 
147 39 23 45 41 43 3 13 7 27 1 9 17 11 49 25 
148 37 21 23 15 29 25 45 13 49 31 27 17 39 
149 9 11 7 49 47 3 37 25 31 19 1 23 17 43 5 21 
150 11 19 15 37 1 5 43 13 25 45 31 39 23 
151 17 21 11 33 43 35 37 9 5 13 1 3 29 15 
152 15 33 29 17 7 23 3 31 41 9 27 
153 17 23 21 3 29 5 47 11 27 9 43 15 25 39 
154 21 5 25 35 41 39 45 19 17 9 7 23 47 
155 9 13 1 7 5 17 11 27 39 19 47 
156 37 29 13 43 3 15 1 45 19 39 49 33 7 5 
157 21 9 31 47 15 13 17 37 35 29 41 45 33 5 27 39 
158 31 43 7 3 13 1 47 5 33 39 45 49 41 11 
159 15 21 19 45 37 17 9 23 35 49 31 13 27 3 41 
160 9 5 1 21 45 31 35 49 25 15 17 33 47 27 29 39 
161 37 21 31 1 27 29 13 49 9 39 47 11 23 33 5 3 25 
162 17 25 37 35 43 13 31 15 19 47 49 33 21 7 29 
163 5 19 29 43 21 15 49 1 45 37 31 3 33 
164 11 19 37 15 29 39 25 27 5 35 43 1 23 45 
165 27 39 25 31 5 47 33 45 41 
166 25 11 19 5 45 37 17 1 7 15 29 43 47 3 27 
167 17 5 13 45 29 3 11 33 47 31 
168 5 47 39 29 15 3 23 35 21 45 31 43 
169 29 35 31 45 41 1 21 7 23 47 9 43 27 33 11 3 
170 31 29 37 43 21 33 27 47 19 1 3 35 39 25 45 15 
171 29 11 33 9 41 43 49 17 19 15 45 25 
172 3 5 43 7 11 31 45 1 21 23 9 29 15 25 
173 33 9 35 17 7 43 29 37 39 5 21 3 13 41 23 49 47 25 
174 25 11 23 17 5 19 13 37 45 7 1 
175 5 13 49 3 9 31 29 17 1 7 19 45 33 35 43 39 47 27 15 
176 27 47 17 5 41 21 11 37 1 13 25 45 9 19 39 23 
177 37 5 17 3 7 39 49 29 43 47 25 1 21 19 
178 23 35 17 25 21 13 1 43 3 41 
179 35 25 17 5 21 41 39 3 47 15 9 49 45 11 13 31 33 19 
180 49 39 23 19 7 41 13 47 1 21 25 5 9 35 17 31 29 43 11 45 
181 27 49 25 29 33 31 39 17 45 5 35 41 19 7 
182 35 43 11 3 27 17 5 13 39 45 23 21 41 25 1 
183 35 43 45 29 13 33 21 31 19 39 49 11 1 37 7 27 
184 41 31 27 15 45 3 5 25 49 33 
185 11 23 39 41 15 13 3 19 49 17 47 45 37 
186 11 5 21 27 37 25 43 29 7 33 35 47 41 31 
187 47 11 19 33 27 1 37 29 31 17 43 49 9 25 7 41 5 
188 35 25 33 23 31 21 1 19 43 49 41 39 
189 25 45 35 19 21 9 39 1 47 33 29 3 
190 33 27 1 21 9 45 35 29 5 25 43 11 3 37 13 19 
191 33 5 1 9 49 31 43 35 17 3 
192 43 25 5 41 23 29 49 31 35 9 39 3 
193 35 49 43 25 3 11 1 21 15 45 37 47 39 41 
194 37 1 3 45 11 29 7 35 41 21 
195 9 7 31 43 23 5 33 15 49 11 19 27 35 17 
196 31 29 17 49 3 27 43 15 19 41 9 25 21 33 7 1 11 37 
197 15 43 37 1 29 13 27 9 3 45 39 5 25 
198 25 33 27 3 37 11 9 41 29 19 43 
199 31 3 43 49 37 9 13 5 21 39 15 11 1 
200 9 39 25 31 49 13 15 37 29 11 3 43 5 41 23 
201 49 19 47 13 37 15 
202 25 35 23 37 11 1 5 9 19 15 21 47 
203 29 47 5 41 37 23 39 27 21 9 17 19 43 49 25 31 13 
204 17 45 21 1 3 7 11 39 29 43 49 41 23 37 9 
205 45 23 25 31 7 39 5 47 21 27 33 13 9 19 11 15 29 35 
206 41 1 21 33 3 19 47 39 5 11 9 15 45 43 
207 27 5 33 19 29 45 13 11 15 47 37 31 17 
208 45 1 33 41 3 31 5 21 29 39 15 13 
209 17 9 39 1 21 23 5 29 47 37 15 31 45 
210 35 45 5 17 23 15 31 49 9 39 13 3 37 7 29 
211 29 11 13 39 1 37 35 17 47 27 23 45 25 5 41 33 19 
212 27 43 31 5 39 33 17 1 45 19 37 
213 13 7 25 27 39 43 33 47 17 5 31 19 21 9 41 11 37 49 35 
214 41 33 43 15 25 5 9 31 27 45 19 7 11 1 
215 9 49 13 23 1 41 27 45 31 37 15 21 39 7 17 25 
216 47 13 35 11 7 27 3 39 15 49 23 17 45 37 25 41 31 19 
217 49 33 17 45 21 15 1 7 31 3 29 11 47 43 37 23 35 
218 37 11 25 5 9 1 7 21 47 33 35 49 31 45 43 41 39 
219 15 27 47 37 43 17 23 11 1 5 29 33 3 19 
220 33 29 45 5 31 39 3 25 43 27 9 1 41 47 
221 33 3 15 7 43 11 35 23 13 5 37 21 45 41 29 39 25 
222 5 7 3 23 21 45 35 49 41 31 33 25 11 43 1 39 9 19 27 13 
223 13 3 15 31 47 1 21 33 23 19 45 27 9 29 5 25 
224 39 21 19 9 11 7 43 33 25 31 3 1 15 47 45 
225 39 15 5 47 21 13 43 45 7 1 35 37 25 
226 31 33 15 37 29 5 21 17 45 
227 47 1 43 33 11 21 29 35 31 5 
228 15 9 41 29 25 23 39 5 1 13 43 21 33 
229 31 21 33 43 19 17 37 45 27 1 47 39 7 9 
230 41 47 13 3 5 45 17 43 27 33 19 31 
231 9 37 25 47 45 35 1 11 29 17 23 3 33 13 19 
232 7 27 13 3 47 37 5 43 35 19 
233 17 29 7 13 11 1 3 39 47 25 19 35 37 31 
234 49 31 37 1 9 21 27 45 23 25 5 7 13 
235 47 9 45 33 11 3 1 41 17 5 19 
236 15 37 47 23 17 31 3 5 45 43 19 49 21 39 
237 39 11 23 25 41 47 33 9 45 27 21 35 13 7 5 15 
238 13 25 49 15 23 43 3 45 39 5 47 7 1 31 
239 21 1 39 13 45 29 11 5 41 17 33 9 27 23 19 47 35 43 
240 7 45 23 3 5 29 17 1 31 47 35 49 15 
241 17 39 33 21 47 3 43 29 35 41 11 7 19 13 45 
242 29 11 9 15 21 13 49 25 47 19 17 41 1 
243 31 9 25 21 7 47 3 33 39 11 45 13 19 23 
244 13 45 41 47 15 1 3 5 39 27 49 33 
245 13 45 7 35 31 25 43 5 33 47 39 29 17 
246 41 15 3 35 27 19 25 43 23 37 
247 37 35 5 9 31 21 11 33 7 45 39 25 29 17 27 49 43 47 
248 25 45 13 3 35 39 9 21 11 49 7 33 
249 7 25 21 23 49 13 19 5 9 1 17 33 45 37 47 27 
250 27 43 7 33 15 31 19 45 37 1 21 9 
251 13 41 37 43 1 15 7 5 35 11 17 29 25 47 27 19 
252 31 49 11 41 21 33 25 19 37 43 9 23 17 
253 11 27 33 49 3 15 31 43 41 17 45 9 47 39 7 29 25 19 
254 17 25 43 11 27 33 39 3 41 49 1 29 19 
255 31 15 19 41 1 43 5 29 3 37 
256 25 3 35 23 7 47 
257 23 41 45 17 3 31 27 43 33 9 7 49 13 1 11 
258 27 25 3 49 31 33 21 41 9 19 43 39 37 47 17 35 29 1 
259 29 47 3 41 43 11 19 45 17 35 37 5 9 7 
260 19 3 9 45 49 37 15 7 21 11 23 5 33 
261 35 9 11 39 19 3 1 47 49 43 25 15 37 31 33 
262 25 41 45 13 11 49 47 43 29 21 31 
263 35 27 29 39 23 17 45 37 21 1 15 49 19 41 25 11 
264 45 5 1 21 11 23 13 37 19 9 7 29 35 33 3 17 
265 27 39 41 37 49 5 7 3 33 9 21 19 
266 47 27 49 5 21 3 29 1 37 39 35 25 9 11 45 7 
267 1 23 31 3 37 19 39 13 29 43 15 25 17 7 47 35 5 45 27 
268 3 9 33 49 13 5 15 11 31 1 43 23 17 45 35 29 25 37 39 41 27 
269 23 19 11 33 47 41 17 3 15 21 9 49 27 35 5 25 
270 15 29 11 19 39 25 35 5 43 37 41 
271 13 33 47 37 45 21 17 19 29 41 23 1 3 31 39 5 
272 11 19 49 25 1 45 27 31 13 47 5 43 37 33 15 29 
273 49 15 23 37 21 45 13 39 3 41 27 7 
274 9 5 39 11 33 25 23 27 43 3 37 29 19 1 31 35 
275 15 9 11 41 13 1 23 37 39 47 31 25 5 
276 33 41 3 11 13 5 9 7 43 15 
277 33 15 37 39 45 41 9 23 13 27 35 49 7 1 29 5 
278 41 35 49 19 33 45 7 9 25 11 47 3 15 27 
279 43 13 39 5 27 33 35 29 37 1 9 21 31 3 49 25 
280 19 11 23 13 5 25 35 33 39 41 43 49 
281 1 29 9 31 11 15 45 5 33 41 43 25 17 39 19 
282 1 15 5 45 19 29 37 31 11 
283 29 43 31 35 1 25 11 41 23 9 39 47 27 13 
284 11 15 27 41 13 35 45 19 31 9 5 17 49 23 37 39 25 
285 15 27 19 41 31 11 1 13 23 47 5 
286 43 31 13 37 11 47 15 1 39 3 21 
287 7 5 15 47 45 27 49 23 39 9 17 33 19 
288 45 31 17 49 11 9 15 43 5 7 29 3 13 33 27 25 
289 7 47 21 31 39 9 3 1 49 41 23 43 17 37 27 11 5 
290 45 39 43 37 21 33 17 9 29 1 25 35 11 5 7 31 
291 15 45 31 13 19 9 41 35 17 37 23 21 
292 3 47 5 45 23 37 1 17 13 39 41 31 
293 45 39 3 47 21 1 5 19 43 23 7 27 31 41 11 25 33 29 
294 45 47 29 39 11 37 15 3 13 21 33 5 27 7 25 43 
295 21 35 41 49 3 19 27 23 17 31 15 39 
296 9 3 13 15 43 23 1 17 39 41 
297 9 3 15 13 17 49 27 1 31 11 29 37 19 21 41 33 
298 47 1 45 33 5 19 37 31 35 9 23 43 21 17 13 27 25 49 
299 39 49 31 17 27 9 5 43 13 23 33 29 11 35 1 41 37 45 
300 7 1 47 3 13 43 5 45 49 19 39 25 21 9 23 15 35 
301 17 15 21 1 33 13 19 37 47 43 7 5 
302 23 27 29 15 45 37 19 11 33 7 31 5 41 
303 9 45 41 37 1 7 47 33 21 29 5 19 35 13 
304 47 25 11 21 45 29 9 35 1 39 13 19 7 41 27 33 
305 37 3 27 43 1 25 49 13 15 45 23 33 9 29 
306 43 13 15 9 25 39 1 5 11 23 45 7 31 37 19 3 33 
307 13 39 11 47 43 17 35 1 27 3 45 23 
308 49 29 39 33 45 3 25 41 7 19 35 15 27 37 
309 35 37 9 47 25 1 49 31 7 17 11 41 15 45 3 27 
310 11 35 31 25 43 39 41 9 13 33 29 21 1 37 
311 29 3 13 9 7 45 21 27 25 1 17 47 41 35 15 
312 15 33 47 35 23 19 27 5 13 37 39 49 45 9 7 25 17 
313 47 17 33 7 45 15 13 21 25 3 1 11 
314 9 49 21 45 39 5 35 29 17 47 37 41 19 7 13 33 
315 43 23 1 33 3 45 35 21 13 5 19 9 41 17 25 31 27 11 
316 25 11 3 19 45 31 47 13 39 35 5 21 17 23 29 
317 3 23 5 21 45 29 43 47 25 39 17 33 
318 17 5 13 43 27 3 9 31 35 21 25 49 29 23 45 
319 33 47 19 17 29 21 13 49 39 11 5 41 
320 25 19 11 27 49 1 45 31 21 13 37 33 17 47 23 9 29 43 
321 23 41 29 9 39 47 13 1 5 11 35 3 25 7 37 33 
322 41 25 13 3 23 19 29 47 9 31 1 11 15 45 7 33 37 
323 31 21 37 29 11 13 15 17 9 41 25 33 
324 21 13 17 45 27 9 35 19 11 31 7 3 15 47 39 
325 17 45 49 23 7 19 15 39 43 9 35 21 1 
326 31 35 15 13 47 29 7 49 45 27 21 5 
327 41 33 45 37 39 27 17 49 7 35 3 25 
328 21 11 15 31 25 1 43 37 33 49 
329 15 1 23 5 33 25 45 9 43 31 49 11 7 3 27 
330 25 27 37 1 7 47 41 15 19 33 23 39 35 
331 25 43 11 7 5 37 35 13 9 15 21 27 41 29 
332 7 43 27 17 1 19 31 29 9 5 23 11 39 45 
333 47 9 3 23 41 1 19 7 49 13 25 27 35 43 
334 1 7 47 21 39 25 45 13 9 35 27 3 11 15 37 
335 41 43 25 5 7 17 39 37 49 23 29 19 45 
336 3 43 47 11 23 29 31 25 
337 23 49 29 1 39 11 7 3 43 15 47 41 27 21 9 35 25 31 37 17 
338 9 11 1 21 31 39 45 7 23 33 43 37 3 19 
339 17 33 37 19 7 11 39 31 49 5 3 25 1 27 
340 23 7 9 25 49 37 27 33 31 5 39 17 29 15 13 43 19 45 3 
341 15 49 13 1 47 43 23 37 19 29 45 21 25 17 3 33 9 
342 31 23 13 37 11 3 21 27 35 39 19 47 5 25 33 17 15 49 
343 21 33 23 15 37 27 1 5 11 17 43 13 41 19 47 
344 29 1 9 37 21 5 27 41 49 43 23 
345 1 23 15 7 45 21 39 43 47 33 41 
346 31 49 33 7 9 47 5 23 17 45 19 21 
347 31 7 3 25 5 41 11 9 19 47 37 43 15 27 33 45 
348 47 31 29 39 7 3 17 5 23 25 21 41 43 
349 3 13 15 11 29 31 17 5 7 19 37 33 27 35 49 41 23 
350 47 25 49 37 41 1 11 9 17 31 7 15 35 27 
351 47 19 5 37 7 41 9 3 33 39 29 25 27 45 13 11 43 35 1 
352 35 15 31 19 49 45 27 7 13 23 21 39 17 5 43 41 3 9 
353 3 35 49 23 9 1 25 29 43 37 5 
354 49 9 5 1 15 33 35 31 21 25 3 27 43 11 
355 15 9 3 41 19 13 33 25 45 49 39 47 17 11 
356 35 49 1 41 23 29 5 31 19 43 7 33 37 17 9 47 
357 39 31 17 47 29 19 35 41 11 5 3 
358 11 33 19 23 13 1 9 3 49 7 39 27 43 41 5 
359 43 11 23 7 21 13 25 29 27 49 17 31 37 5 
360 43 37 27 35 19 31 17 47 25 7 33 21 
361 27 37 39 23 3 43 35 5 25 31 1 17 9 45 15 
362 37 45 5 3 11 35 39 23 31 21 17 47 7 43 49 
363 33 15 35 29 25 23 47 7 49 9 31 39 37 5 
364 37 25 45 15 13 7 23 19 41 1 27 39 5 33 17 31 35 9 21 
365 41 31 3 13 9 49 19 5 47 15 11 27 25 21 
366 7 47 23 11 33 41 15 43 13 3 17 5 27 49 37 29 31 
367 39 11 13 19 47 43 
368 31 25 29 37 27 9 23 49 13 15 35 19 45 41 5 1 7 33 
369 13 41 9 11 43 47 17 45 33 19 25 1 7 49 5 
370 23 33 41 19 27 15 25 17 39 
371 21 7 27 35 45 43 33 3 13 19 23 9 29 37 39 1 
372 39 7 19 1 15 9 11 27 5 13 47 31 3 17 33 49 
373 19 1 21 45 3 9 37 31 27 35 11 49 13 25 41 
374 41 27 17 3 25 33 43 45 15 5 13 11 
375 15 31 19 5 45 13 41 1 47 9 35 
376 47 15 9 5 19 29 23 7 27 35 39 25 
377 15 39 21 13 1 45 25 23 43 41 
378 37 15 43 35 21 19 45 31 41 27 3 25 29 23 13 
379 19 27 21 31 23 13 37 45 15 17 43 49 9 35 39 1 25 
380 1 33 29 9 3 7 41 47 15 45 49 43 11 25 21 39 23 35 
381 7 5 11 21 27 1 41 37 45 39 49 13 23 25 29 47 
382 29 19 33 3 37 35 39 45 7 5 9 13 47 11 
383 41 25 49 37 23 3 35 43 31 29 21 
384 45 9 43 21 31 5 1 35 13 17 47 27 33 19 39 37 
385 9 21 17 33 3 1 25 41 5 31 45 19 
386 11 25 27 13 39 41 3 43 19 47 7 49 29 37 15 5 
387 13 23 15 1 27 47 19 45 39 5 9 7 49 29 43 3 33 31 17 
388 19 39 45 15 29 25 49 9 43 21 31 1 41 23 
389 13 31 15 45 7 29 23 25 11 17 39 9 37 41 19 
390 45 43 1 41 47 39 9 19 35 29 3 11 13 37 31 27 21 
391 15 37 49 45 5 25 13 23 17 7 39 35 19 43 27 3 
392 35 31 1 11 23 7 43 3 17 5 25 47 37 45 19 
393 31 49 19 25 13 9 47 37 35 29 45 21 7 33 23 17 39 41 
394 9 21 13 49 15 27 19 33 17 41 1 39 31 7 25 3 35 23 
395 23 19 29 27 41 11 13 7 1 39 17 45 15 
396 37 1 35 43 11 27 41 23 3 21 25 13 45 7 29 9 
397 37 3 19 43 31 11 25 41 47 5 39 45 13 27 9 1 
398 45 9 5 39 7 21 1 27 43 35 41 33 37 
399 11 43 49 21 5 7 27 25 19 31 3 35 13 9 39 33 
400 21 15 7 3 47 33 49 27 35 13 1 39 9 
401 43 39 5 37 49 15 27 19 1 41 33 11 21 17 3 31 
402 45 1 3 11 23 33 31 9 19 5 35 37 47 41 27 25 15 49 7 29 
403 29 41 33 43 11 7 9 17 31 45 27 3 37 39 19 15 47 1 35 
404 21 49 17 29 41 39 1 13 35 25 19 33 5 43 3 15 45 23 
405 27 41 19 31 21 5 23 13 47 17 49 35 9 
406 35 25 45 49 19 3 39 15 13 7 37 29 43 17 21 33 11 23 9 
407 29 43 37 15 47 9 33 1 23 19 35 
408 19 13 17 25 37 15 45 21 27 5 1 
409 31 23 41 21 27 1 11 5 35 33 19 13 17 9 29 
410 49 41 15 13 3 35 39 1 17 11 9 25 43 27 19 
411 27 11 5 29 37 25 41 19 43 1 49 7 21 33 39 
412 27 33 37 49 39 25 5 11 1 47 45 19 3 7 23 15 13 
413 35 15 7 5 23 27 37 45 17 13 1 3 
414 35 13 49 17 1 23 19 9 21 7 47 25 5 3 45 41 
415 33 29 35 23 7 15 3 41 1 
416 37 17 19 43 15 13 49 33 3 45 25 31 7 47 9 27 23 39 35 21 
417 25 39 35 29 21 13 41 47 49 17 9 23 43 3 11 
418 1 41 33 5 47 3 25 45 15 9 
419 21 45 29 35 23 7 9 31 27 47 17 37 13 15 25 39 
420 31 49 23 45 5 7 25 15 13 21 35 37 27 33 
421 11 1 33 13 49 15 9 29 39 7 21 25 17 41 3 45 
422 1 7 9 3 25 13 31 15 23 19 47 11 39 21 5 27 
423 37 35 21 49 11 31 5 3 17 41 1 47 
424 7 3 5 33 39 11 9 17 35 37 49 29 13 25 1 45 43 41 19 21 
425 7 49 39 45 5 21 15 17 11 31 43 41 29 25 3 23 37 35 
426 29 11 25 9 23 15 19 33 5 17 7 49 21 45 47 37 1 35 
427 7 3 15 27 43 9 23 13 37 39 11 41 45 17 47 
428 13 1 15 43 49 29 17 5 47 9 35 11 
429 1 33 47 13 29 11 27 3 19 17 9 37 45 31 39 25 
430 5 37 7 11 33 15 29 1 27 39 3 17 31 21 23 43 
431 7 13 47 27 15 37 39 17 33 3 25 29 9 31 
432 15 27 29 17 39 45 31 21 19 43 35 3 25 13 9 1 5 33 
433 43 35 37 27 25 17 33 31 15 9 41 7 3 5 
434 47 31 13 15 41 37 27 39 21 49 29 35 3 1 19 17 
435 17 25 15 45 1 33 7 49 13 41 39 5 21 29 43 
436 41 19 25 5 23 31 37 15 27 11 49 45 43 3 35 29 7 13 17 
437 5 11 7 23 3 41 15 9 35 27 33 19 21 
438 13 31 39 3 47 7 35 15 9 21 33 25 43 27 
439 3 15 49 19 39 43 33 7 11 23 21 35 17 45 
440 47 37 27 41 43 29 3 31 39 23 9 5 21 11 
441 41 37 11 9 31 39 1 21 29 
442 1 11 5 15 33 43 39 31 23 17 25 19 27 
443 15 39 9 3 37 5 35 49 29 45 
444 1 11 25 19 21 41 45 49 3 23 17 37 9 
445 31 43 1 39 11 49 9 23 27 47 37 21 25 
446 23 3 37 9 47 17 49 5 15 7 29 1 43 35 11 39 45 27 13 
447 27 31 7 37 11 49 5 13 9 25 43 23 19 
448 15 37 47 43 29 23 25 13 45 17 41 27 5 39 21 
449 21 39 9 19 41 23 35 37 15 3 43 25 47 7 13 31 27 
450 1 7 29 13 17 41 37 21 25 45 43 3 
451 25 45 41 11 47 37 7 19 31 5 3 9 21 43 27 49 
452 23 49 29 25 7 39 21 1 17 13 37 15 41 3 33 43 19 45 
453 43 17 31 15 41 19 9 5 39 7 
454 33 49 5 17 23 25 43 35 3 21 
455 15 43 37 9 5 13 41 49 29 25 23 35 7 19 31 27 
456 5 25 43 47 21 23 33 45 3 27 9 15 31 7 
457 1 7 11 31 25 15 45 21 9 23 43 33 29 5 37 3 17 
458 19 49 17 11 9 15 33 41 5 31 37 21 13 43 7 45 
459 41 47 3 35 25 37 33 21 17 31 7 15 5 9 43 
460 23 41 33 39 21 13 19 47 1 17 3 25 49 31 5 43 15 7 
461 35 5 39 45 43 25 15 23 19 17 
462 15 21 41 43 3 49 35 7 29 31 39 47 1 27 5 
463 25 43 9 37 17 7 11 1 49 33 27 19 
464 27 23 5 35 43 17 31 19 49 33 11 29 3 
465 39 27 19 21 47 15 3 33 13 49 11 35 43 25 23 1 29 
466 41 35 17 11 45 21 37 43 49 9 5 31 47 
467 21 41 9 19 13 31 43 29 11 47 15 49 5 37 
468 23 25 39 5 11 33 43 3 19 45 21 17 31 1 9 
469 47 7 27 39 49 35 41 17 13 29 37 
470 25 19 43 23 47 27 33 7 1 37 15 11 39 31 45 3 41 
471 29 47 23 33 37 5 45 21 1 17 25 7 39 9 41 31 43 
472 37 39 29 21 25 43 23 47 35 9 17 
473 7 5 17 15 23 37 13 25 35 9 11 1 41 49 31 
474 41 39 45 1 37 11 33 43 21 13 49 19 7 27 25 31 
475 47 27 19 43 33 23 35 45 25 13 41 49 37 3 
476 41 19 49 37 17 31 7 43 25 3 29 39 
477 33 23 47 21 45 31 17 41 1 11 19 7 37 15 35 5 49 43 
478 47 11 41 15 29 49 17 43 27 25 35 9 37 19 39 23 3 21 
479 19 29 47 21 33 7 11 35 5 45 37 41 9 49 27 39 43 
480 33 49 39 29 19 25 47 17 31 27 37 23 9 3 35 15 45 41 21 
481 21 17 19 37 15 25 41 5 27 31 13 1 
482 47 1 19 35 45 9 21 23 15 13 
483 47 37 33 27 29 1 31 17 35 9 39 45 23 5 
484 43 13 25 49 39 11 21 47 7 23 27 37 31 
485 9 21 47 25 17 19 1 31 3 13 7 11 39 49 27 43 15 45 
486 11 19 25 7 29 35 27 15 41 43 47 39 3 9 13 17 45 
487 19 43 13 25 31 3 15 7 47 41 9 1 23 45 33 39 
488 23 45 11 33 3 19 13 5 1 39 27 43 31 17 25 
489 45 25 9 13 7 33 11 17 5 23 49 41 35 19 39 47 
490 1 31 23 49 43 45 5 27 17 29 33 39 41 37 7 19 15 
491 1 47 37 43 27 21 31 7 25 3 23 41 11 
492 49 27 5 37 43 35 7 25 45 15 17 
493 9 15 11 21 17 39 19 45 47 7 43 13 33 3 23 49 29 25 
494 5 33 13 31 17 37 3 41 35 45 47 27 21 
495 47 25 29 37 13 17 7 21 35 41 1 27 33 15 43 19 5 
496 5 45 13 1 15 11 39 49 33 35 19 37 9 
497 23 31 27 29 17 19 11 15 45 43 33 41 5 1 37 49 21 9 39 35 
498 27 43 11 3 15 35 37 7 5 39 13 49 19 17 23 45 
499 23 17 1 31 49 37 9 39 13 27 29 15 33 7 
500 33 43 45 39 23 37 25 21 13 49 9 15 
501 41 29 9 31 47 23 19 35 39 7 27 21 5 
502 43 3 21 39 49 33 45 15 9 23 7 1 13 31 
503 39 3 23 19 33 41 5 43 37 31 
504 5 13 35 29 43 45 3 19 25 23 27 39 41 21 47 1 
505 27 11 9 39 3 19 15 31 45 7 1 13 43 25 21 
506 13 23 39 1 19 17 43 35 25 9 45 3 
507 17 19 35 41 37 9 7 5 27 43 13 25 45 29 11 3 
508 41 45 31 25 9 21 37 35 13 47 43 7 11 5 33 1 
509 9 43 7 31 33 27 29 21 49 37 45 39 15 1 11 
510 43 27 13 33 49 9 37 7 25 45 5 3 19 29 35 39 47 
511 43 49 41 37 23 21 3 35 15 17 1 19 39 
512 11 29 9 39 45 49 13 19 7 15 47 41 21 27 
513 21 33 49 39 29 43 3 31 23 45 9 7 11 5 
514 45 17 5 7 1 31 23 41 9 25 15 35 21 
515 29 5 17 39 25 19 3 35 47 49 33 7 9 45 37 31 13 
516 1 19 33 39 11 37 29 41 15 31 13 25 35 9 23 43 
517 47 29 49 33 5 27 39 21 41 17 43 13 11 31 1 
518 27 7 15 37 47 5 1 23 31 21 19 33 9 3 
519 1 17 15 21 11 9 43 39 25 35 19 13 29 7 31 37 
520 15 13 49 45 21 9 3 35 31 33 41 29 47 1 43 
521 27 19 35 41 29 21 9 49 17 47 13 3 37 25 
522 21 39 7 17 29 5 19 23 37 49 35 1 45 3 27 41 9 
523 25 45 47 5 49 29 37 9 1 3 23 43 13 27 
524 13 3 49 23 43 27 19 25 33 31 15 47 45 41 21 7 17 
525 19 15 25 33 23 31 11 3 17 21 1 7 
526 1 17 25 11 31 3 33 35 13 41 21 19 23 39 15 
527 23 49 7 37 45 41 43 33 27 15 39 47 17 19 11 3 1 29 13 25 
528 49 19 1 23 41 25 37 9 3 33 15 27 
529 45 27 41 29 5 43 1 19 31 37 15 11 
530 5 47 49 19 21 7 29 35 11 41 
531 35 5 41 11 31 47 33 9 19 27 21 29 25 17 15 49 7 
532 37 19 17 5 25 15 9 39 49 7 1 3 27 
533 11 5 29 13 1 25 49 19 
534 37 15 1 29 9 21 17 33 5 31 35 49 19 25 27 
535 15 11 13 23 37 31 5 19 33 49 45 17 1 35 43 
536 41 49 45 11 25 23 35 31 47 15 17 43 39 
537 1 35 47 9 23 43 39 25 13 17 33 37 11 19 3 41 
538 27 33 23 1 21 29 49 41 47 3 39 35 25 5 31 
539 7 43 33 25 37 3 11 29 23 1 47 45 5 13 9 19 35 
540 19 3 1 13 7 33 21 47 39 15 45 25 9 41 
541 25 37 27 23 45 19 7 21 3 13 15 29 49 17 47 1 
542 33 39 11 15 25 49 37 41 27 45 29 7 17 3 31 1 
543 47 5 41 33 1 21 23 37 29 17 45 7 43 15 11 3 31 25 
544 21 5 49 1 41 45 7 17 23 3 19 9 25 11 37 15 39 35 
545 45 21 19 41 37 43 31 1 9 3 35 23 13 
546 31 9 11 25 45 3 5 35 19 33 47 39 29 15 27 21 
547 27 13 15 19 5 39 43 23 9 49 21 7 17 
548 9 39 43 31 13 47 5 15 7 17 29 21 49 3 41 35 1 
549 1 15 39 11 21 33 19 41 23 5 27 37 9 3 
550 29 21 39 47 11 17 23 35 13 33 27 41 45 43 9 3 5 1 37 
551 17 49 45 41 7 27 23 9 1 13 5 15 35 3 37 39 19 
552 3 7 25 45 21 39 31 11 49 43 15 23 41 19 35 
553 29 9 5 17 3 47 23 45 13 35 31 37 7 1 
554 41 9 43 15 3 39 19 5 1 7 33 
555 17 39 15 11 31 29 5 25 13 19 35 21 7 
556 27 1 43 41 45 13 39 17 25 5 37 21 33 31 47 15 
557 39 47 49 9 27 45 43 19 7 5 17 11 33 
558 27 15 3 25 1 43 7 35 41 13 17 5 49 39 23 
559 13 33 9 11 3 25 27 21 31 7 17 19 37 5 29 47 
560 25 43 37 15 1 3 7 19 11 5 35 47 9 
561 21 49 27 45 47 39 1 25 5 31 33 43 37 15 11 17 9 
562 15 11 47 9 3 13 7 33 29 1 17 21 5 39 25 
563 15 19 23 3 17 47 25 43 9 39 35 21 
564 7 21 15 47 39 29 3 13 35 1 9 5 11 49 41 17 
565 43 13 47 15 11 21 35 31 3 45 27 7 17 23 49 25 9 
566 45 1 9 43 11 37 15 3 25 17 33 35 
567 23 11 35 3 39 7 21 33 45 15 31 27 9 5 
568 3 49 37 39 21 9 45 47 19 33 15 41 7 13 25 17 
569 7 41 17 35 31 11 3 5 45 25 29 9 
570 33 47 35 21 5 3 13 27 49 25 11 39 7 19 41 
571 43 45 19 37 7 11 41 31 23 47 15 1 25 17 3 13 39 
572 25 35 33 23 27 17 49 3 29 15 43 9 13 7 41 
573 47 15 7 11 33 31 19 1 37 39 21 
574 31 19 47 17 33 27 23 5 37 15 21 1 13 41 45 49 
575 47 21 37 31 35 27 23 9 49 11 45 3 7 15 43 
576 43 5 35 47 29 15 27 11 13 3 33 31 
577 35 29 41 1 15 25 43 23 37 5 33 7 31 3 9 47 19 45 
578 25 39 31 19 29 7 33 21 15 11 47 45 49 1 43 3 35 
579 25 43 23 39 7 33 27 45 15 37 13 47 19 
580 35 9 29 37 13 27 31 7 33 3 11 39 45 43 49 5 
581 39 15 3 9 27 41 1 37 43 17 19 25 11 49 33 21 45 
582 37 33 19 15 11 29 49 7 41 21 
583 41 15 49 37 35 43 1 33 7 11 13 9 3 23 29 39 
584 41 27 15 43 39 31 37 19 21 29 45 23 5 9 25 17 7 
585 41 35 47 37 1 27 3 13 19 21 43 39 23 9 7 5 17 
586 39 5 19 45 41 17 47 9 35 15 43 23 27 11 7 21 3 
587 5 21 25 45 3 17 47 39 33 19 11 41 43 31 35 9 
588 25 27 11 13 29 39 41 1 5 43 31 
589 43 11 37 35 3 5 19 23 21 29 31 39 9 17 49 33 41 
590 35 41 33 27 23 29 15 37 5 47 43 17 
591 49 21 35 29 43 45 27 3 25 33 17 15 9 47 
592 31 23 25 47 5 27 39 35 1 9 43 49 
593 5 19 31 43 37 27 35 1 11 9 15 21 17 25 29 
594 41 21 27 33 47 35 23 43 15 9 39 5 25 
595 25 41 19 27 13 15 31 21 43 3 45 37 49 47 
596 13 21 39 7 5 11 9 25 19 37 43 15 45 
597 31 17 15 19 27 49 29 35 23 43 39 3 21 37 25 9 7 
598 13 9 39 15 21 37 31 23 43 29 49 45 27 5 25 
599 5 19 47 49 37 43 9 23 21 25 3 45 13 15 31 7 
600 23 29 43 21 5 13 7 47 35 27 1 37 45 15 
601 11 43 19 45 15 33 41 7 21 17 23 13 3 49 
602 31 17 47 11 13 37 49 43 39 19 7 21 33 9 5 
603 41 49 1 25 5 7 33 19 39 11 31 3 47 43 17 
604 39 49 13 41 43 1 27 21 37 35 15 3 9 31 
605 33 21 31 9 5 39 29 3 13 15 41 23 
606 45 17 7 39 3 27 29 49 15 35 41 9 43 37 
607 11 13 17 47 37 1 7 25 23 45 3 43 31 
608 33 19 29 13 17 45 23 41 7 25 37 31 5 43 
609 1 19 41 37 21 9 3 25 43 17 23 
610 1 11 19 37 45 47 49 7 13 43 23 5 17 31 33 39 27 
611 31 41 3 43 49 5 35 21 15 1 39 9 33 27 45 19 
612 37 11 15 31 41 47 45 7 13 5 35 49 1 33 9 
613 17 45 41 27 5 11 39 13 7 25 21 43 37 49 1 
614 25 15 47 45 39 35 37 27 33 11 3 19 41 23 17 29 1 
615 39 37 29 1 17 33 19 43 31 47 35 3 25 9 11 
616 49 25 31 23 11 19 27 21 7 37 41 5 15 9 17 45 43 
617 31 45 39 11 17 21 3 15 7 41 35 37 1 19 
618 31 7 43 33 47 39 21 35 9 5 19 17 49 
619 45 27 21 39 47 37 29 19 7 23 17 35 3 1 33 5 
620 39 37 23 31 33 1 41 35 25 21 9 
621 17 43 3 31 35 39 25 7 5 47 23 11 37 
622 35 49 15 33 39 1 23 7 11 25 21 43 47 19 37 
623 23 33 15 27 31 35 21 39 13 7 45 29 5 17 
624 3 35 19 39 13 5 9 23 49 25 7 43 37 11 27 
625 19 11 37 7 13 1 47 49 35 5 17 45 41 15 39 3 
626 37 21 1 41 39 33 45 19 47 3 15 49 29 17 31 
627 49 19 9 33 27 3 13 31 41 21 7 47 29 23 
628 3 9 49 33 41 1 29 35 25 45 19 17 31 43 27 7 39 
629 31 15 13 41 37 43 17 47 3 25 5 39 23 45 11 1 
630 37 7 27 5 43 31 1 23 11 47 49 25 
631 11 3 45 19 7 15 5 27 23 33 21 25 49 47 17 41 
632 37 35 29 5 17 31 49 43 47 33 9 1 3 11 45 39 
633 3 45 21 25 19 13 49 31 27 35 37 23 7 
634 33 49 9 15 43 13 27 11 3 45 17 39 5 29 25 
635 1 9 17 5 39 35 15 41 3 13 7 25 27 
636 39 17 19 5 43 49 15 1 9 41 13 
637 15 49 23 45 21 29 35 7 27 19 37 41 43 9 
638 1 47 45 43 39 25 37 7 13 9 
639 37 49 15 23 5 41 33 1 11 27 19 9 31 7 25 
640 5 43 49 19 1 21 31 27 23 3 25 35 41 7 37 
641 21 11 35 29 33 47 27 25 45 41 7 49 39 17 15 31 
642 47 7 11 33 43 23 41 9 45 21 49 5 
643 19 45 37 35 31 17 39 13 25 9 47 43 29 11 
644 47 41 23 35 5 11 9 1 27 3 37 43 15 7 
645 27 47 41 3 37 19 5 15 7 43 45 31 49 9 17 11 
646 19 9 47 37 43 31 23 29 49 41 3 33 35 15 27 1 39 
647 5 25 7 11 13 43 15 19 39 3 47 45 1 9 33 49 27 
648 39 27 21 29 25 13 35 43 17 37 15 7 9 49 
649 11 25 19 39 37 41 43 47 29 27 15 31 9 7 
650 19 25 31 39 41 43 11 27 45 7 47 13 29 1 5 15 37 
651 39 11 15 3 27 41 37 43 7 23 9 5 17 47 
652 11 29 21 49 47 33 7 17 9 41 45 27 31 13 
653 13 15 3 5 19 21 25 11 41 47 1 35 29 39 
654 27 17 49 1 25 7 21 43 39 19 11 23 41 33 9 
655 23 21 49 13 1 35 19 3 17 45 25 27 37 
656 7 29 15 13 45 33 47 23 43 27 9 31 17 11 3 
657 33 27 41 5 23 25 21 9 15 7 43 1 39 17 13 49 45 
658 47 15 1 41 23 3 29 35 5 7 49 25 17 9 13 27 43 21 
659 33 7 25 21 37 23 29 1 27 39 19 3 45 
660 25 5 31 45 15 29 9 17 21 
661 1 47 37 11 15 7 29 39 45 3 23 17 41 25 27 
662 23 9 45 31 41 1 17 25 49 13 19 7 29 37 47 
663 49 35 5 39 43 27 17 47 13 45 9 25 29 1 31 3 
664 33 21 5 37 1 15 39 19 27 9 49 41 23 11 
665 43 5 21 31 3 7 13 45 37 49 33 25 23 27 9 35 19 
666 33 17 13 39 23 31 45 7 49 19 1 35 41 27 25 
667 7 41 35 1 19 27 11 49 23 29 21 25 45 17 33 
668 9 3 13 45 23 41 15 43 5 35 11 7 21 29 
669 5 27 11 19 35 13 1 33 25 23 39 43 21 7 
670 1 3 21 9 37 11 43 5 35 27 45 29 13 
671 41 33 7 35 9 13 47 15 25 29 1 45 19 11 49 17 23 31 37 
672 41 9 33 35 25 1 17 27 19 31 7 3 37 11 21 
673 25 17 27 37 11 13 3 39 23 43 
674 41 49 29 15 7 25 39 45 1 47 21 
675 3 23 47 35 29 15 43 11 19 45 41 49 7 
676 47 19 3 35 37 29 11 17 13 9 31 41 33 49 7 23 5 15 1 
677 13 31 15 33 21 29 43 39 3 5 7 11 
678 37 43 39 21 13 5 31 11 15 7 47 49 
679 35 27 7 19 17 3 15 1 21 45 31 25 43 33 
680 35 21 37 13 5 11 49 41 23 33 31 39 
681 29 21 17 41 37 45 47 31 11 25 43 3 5 9 
682 19 27 45 17 35 1 11 21 15 31 39 3 13 7 25 49 9 47 
683 37 5 7 19 17 43 31 27 49 1 3 35 
684 33 31 41 37 45 27 11 29 39 19 15 23 47 25 7 
685 41 11 13 31 29 1 43 27 9 15 35 25 21 7 
686 1 31 5 7 17 43 29 41 35 21 15 25 11 39 3 19 33 37 
687 47 35 41 19 27 31 5 21 43 9 17 23 1 33 
688 13 33 23 7 15 5 45 47 39 17 37 1 41 
689 49 37 33 39 13 17 19 41 23 5 25 45 3 35 27 
690 47 15 1 29 35 27 31 17 21 23 19 
691 1 17 3 35 21 47 33 19 43 45 27 7 49 41 13 37 
692 19 17 33 15 23 21 49 29 1 43 45 13 37 41 5 31 
693 29 41 45 33 31 13 43 49 25 
694 17 9 7 41 29 15 13 31 47 49 19 45 37 23 1 
695 31 45 25 15 37 35 19 33 13 5 17 11 9 41 47 27 1 7 29 21 
696 25 33 49 17 9 43 19 35 21 13 47 11 29 27 
697 7 27 31 3 21 49 35 39 47 9 17 33 37 13 25 19 29 1 
698 21 49 37 1 33 41 35 43 23 11 
699 35 15 17 47 13 43 1 23 29 
700 3 19 21 23 35 29 39 17 1 43 25 33 
701 37 25 27 9 23 17 19 45 1 11 41 5 31 47 43 21 13 
702 3 33 39 19 31 23 15 21 13 41 5 29 45 11 35 27 
703 35 25 17 29 5 3 43 19 31 49 21 47 33 13 11 41 
704 15 43 41 47 29 25 49 23 21 27 3 31 35 19 7 39 11 
705 49 37 29 31 43 23 39 3 1 11 19 
706 7 45 41 17 21 37 31 29 3 1 39 5 9 33 
707 49 25 21 29 5 1 19 47 13 33 23 3 11 15 35 45 17 43 7 
708 39 19 31 7 11 25 47 1 21 29 43 23 35 27 13 45 15 33 
709 27 11 21 43 19 29 23 3 41 17 7 37 47 49 31 
710 43 3 27 29 33 11 31 37 45 19 1 47 9 13 39 21 
711 25 1 15 43 11 31 49 35 37 27 17 21 41 47 19 7 3 45 13 5 23 
712 3 11 21 27 47 39 45 1 5 49 9 25 35 19 7 43 
713 43 45 11 9 1 15 33 13 17 19 27 31 25 29 5 37 3 23 
714 5 31 29 3 19 21 39 35 43 45 37 23 1 15 9 25 11 17 
715 45 25 19 11 31 7 29 47 15 41 49 35 39 
716 9 15 25 49 41 19 23 29 47 1 39 31 33 13 3 17 5 11 
717 5 33 1 29 9 43 21 35 25 3 15 37 47 45 19 23 27 
718 3 31 41 21 7 1 37 35 27 39 13 47 49 19 9 
719 21 29 43 25 39 3 1 31 5 37 45 
720 21 17 7 37 47 41 19 11 39 3 15 49 
721 17 47 25 21 43 29 9 31 37 45 5 
722 39 5 25 27 41 7 23 11 31 17 45 13 15 
723 31 9 45 35 41 25 1 11 33 5 29 49 15 13 
724 19 35 5 27 25 39 11 3 7 41 49 29 15 21 
725 49 29 45 13 19 43 27 37 35 1 9 31 7 3 21 17 33 47 23 11 
726 49 11 7 21 3 31 13 23 43 39 35 19 41 
727 45 21 5 19 39 49 35 27 33 9 15 23 13 
728 39 31 7 41 19 43 21 5 1 47 29 11 15 
729 41 7 35 21 33 37 1 45 19 17 3 39 9 31 11 
730 13 31 37 29 5 1 21 27 11 33 43 41 35 
731 29 11 47 17 33 23 9 19 7 41 1 27 43 
732 45 3 5 29 43 19 9 49 25 35 13 7 
733 11 33 43 17 27 3 13 45 19 37 23 47 35 25 39 41 9 
734 37 27 17 29 33 9 41 15 25 3 5 
735 33 7 29 21 37 31 17 25 47 19 39 23 11 9 43 
736 15 13 1 45 27 5 7 17 43 3 21 19 35 31 
737 5 47 33 7 25 31 39 15 23 45 17 11 9 35 19 13 3 41 37 
738 1 47 23 39 7 17 29 31 9 33 43 11 3 45 
739 31 21 33 35 15 17 41 19 9 
740 49 1 47 13 17 9 3 25 27 19 23 31 43 
741 23 49 41 47 43 31 27 7 45 19 35 3 17 11 21 37 29 9 39 13 1 25 
742 39 49 33 35 1 5 15 47 27 13 45 3 7 9 25 19 21 23 41 29 43 
743 49 27 21 5 19 3 39 33 25 35 43 45 
744 43 21 23 35 1 33 29 31 5 7 3 17 9 19 
745 3 15 25 19 11 45 29 17 5 37 35 1 13 27 43 
746 1 37 27 25 29 3 21 7 17 39 15 45 31 35 11 
747 7 35 3 45 29 9 39 5 23 43 13 
748 21 17 33 29 7 3 35 37 11 27 15 1 45 13 
749 21 45 47 3 17 5 13 1 35 27 
750 33 17 31 15 49 19 11 5 1 43 47 3 29 7 27 25 
751 25 39 3 27 43 15 49 45 47 35 7 13 17 31 11 37 
752 33 13 11 3 19 45 25 9 15 17 37 47 49 21 43 27 7 41 
753 43 13 25 7 21 17 37 33 23 49 9 15 47 
754 49 5 43 1 25 13 47 3 7 9 45 35 
755 21 43 49 31 33 11 29 47 5 9 45 25 1 41 37 
756 25 15 23 21 41 43 35 5 29 3 17 33 
757 45 11 41 29 7 31 1 15 17 33 25 43 37 27 
758 21 35 19 11 27 45 1 9 37 31 25 3 5 41 43 39 
759 19 43 13 11 17 27 1 23 35 9 7 39 37 41 47 
760 3 35 33 45 17 39 11 19 47 5 7 
761 31 33 49 35 41 13 39 9 37 21 15 27 23 7 
762 25 43 5 17 41 19 13 47 15 3 35 11 49 
763 35 41 45 25 1 37 31 39 19 27 47 9 15 21 23 
764 29 15 19 13 41 37 3 23 39 9 17 11 7 35 1 27 5 
765 31 1 19 23 7 49 41 29 39 3 33 9 27 11 
766 33 5 9 35 11 15 37 47 31 25 
767 21 43 27 25 9 31 49 37 47 11 45 33 15 1 5 
768 41 11 1 33 17 5 25 35 27 37 47 23 43 13 19 15 7 9 
769 9 23 47 5 49 27 7 15 29 19 39 31 43 1 
770 47 7 43 15 1 29 31 19 35 23 39 11 21 49 45 33 
771 13 49 7 15 39 23 9 29 11 47 17 35 21 3 33 
772 5 13 39 15 21 49 11 7 23 31 27 29 19 37 33 41 17 47 35 
773 47 31 35 3 9 7 41 21 19 49 5 15 37 45 39 11 23 43 33 27 
774 49 17 21 19 25 15 43 23 5 11 27 39 
775 41 43 15 1 27 5 47 19 29 13 21 35 3 7 
776 39 11 29 49 43 1 41 33 21 17 9 25 19 35 
777 15 13 35 9 25 7 43 29 37 21 45 5 17 3 11 
778 33 19 7 5 25 23 17 3 27 21 31 45 15 9 39 29 13 37 
779 41 37 19 33 27 17 5 23 9 49 45 15 3 35 11 
780 37 33 43 9 17 5 35 13 21 39 11 41 31 25 47 
781 9 29 5 41 1 31 27 47 43 35 17 3 49 45 39 
782 7 21 43 1 9 17 3 45 5 31 33 15 23 47 27 41 29 
783 9 13 17 19 49 31 43 27 5 37 35 47 23 3 7 33 15 41 
784 25 33 43 39 3 23 15 47 35 19 41 7 9 
785 39 21 25 43 47 1 17 9 33 37 11 19 45 3 29 7 41 
786 29 39 1 5 49 13 45 7 3 11 37 15 19 41 33 31 25 35 
787 7 29 1 13 23 9 27 41 47 15 19 39 35 45 25 5 37 
788 37 45 35 23 9 13 41 49 5 7 25 43 33 15 21 
789 3 15 17 37 25 35 31 5 13 9 29 27 
790 21 7 31 9 29 3 19 47 37 25 13 1 39 
791 11 35 9 3 21 27 29 49 37 1 31 23 39 
792 49 27 43 15 7 25 1 29 23 33 45 35 31 39 11 
793 11 45 43 41 25 21 5 19 47 39 15 37 3 23 7 33 31 27 
794 49 1 31 21 23 25 47 41 3 39 15 19 35 17 9 
795 1 47 3 49 37 21 7 41 25 27 31 17 29 15 45 
796 31 27 21 25 11 5 7 39 19 33 43 37 17 45 15 9 3 
797 19 15 1 5 33 25 35 21 45 17 13 31 9 3 
798 9 49 25 21 19 1 47 29 5 7 3 27 35 13 11 33 17 
799 25 3 5 31 1 27 41 21 17 23 45 37 
800 13 25 9 1 27 17 31 49 45 33 7 37 15 23 21 
801 47 3 5 49 35 31 43 21 23 27 13 45 15 7 17 
802 23 31 43 9 35 47 13 15 45 11 17 29 49 41 1 19 
803 37 17 25 29 47 27 1 13 43 
804 13 49 5 15 21 17 29 41 37 23 31 3 45 35 19 43 39 
805 15 25 7 41 3 29 35 47 31 49 39 33 27 19 45 
806 41 5 7 21 45 9 25 11 1 33 17 23 47 3 37 
807 17 1 9 25 31 13 19 33 23 39 41 11 37 3 27 47 7 5 49 21 
808 25 29 43 23 37 39 31 49 3 13 17 
809 13 37 3 19 17 31 15 5 35 39 9 43 25 7 11 33 41 1 23 
810 49 39 17 35 21 27 7 29 45 15 19 5 41 23 9 11 
811 15 27 17 11 7 47 3 43 49 21 13 37 5 35 
812 23 33 11 27 43 37 5 3 21 13 19 49 39 7 15 31 17 
813 39 9 1 23 49 5 31 7 13 41 43 25 17 3 33 
814 7 27 29 25 15 17 11 31 41 39 43 1 5 19 21 37 13 33 49 3 
815 5 39 29 41 3 7 27 21 47 23 45 11 25 15 31 
816 47 9 41 1 43 45 3 5 37 49 17 39 19 25 
817 21 3 33 31 27 39 45 7 1 19 23 49 25 35 13 47 
818 9 25 35 3 23 13 45 39 29 27 11 49 19 17 31 1 
819 17 29 23 45 9 5 27 33 7 39 43 1 3 47 
820 45 49 1 25 13 39 41 5 27 37 29 35 
821 25 9 37 15 3 41 49 17 35 19 7 33 5 31 45 
822 37 5 21 47 43 25 15 11 39 23 7 27 3 
823 31 9 35 25 45 1 47 19 15 43 
824 49 47 37 17 45 21 3 41 7 19 43 11 29 25 5 33 
825 39 13 23 49 47 3 7 11 21 29 27 45 25 33 
826 39 19 31 43 35 47 27 13 41 3 23 49 25 
827 41 7 23 25 1 43 37 9 31 5 49 33 15 35 3 19 11 17 45 29 
828 21 35 37 29 25 19 31 47 15 43 7 11 1 45 5 9 
829 17 5 21 27 39 29 25 35 23 7 
830 47 41 31 25 27 43 3 5 49 13 33 
831 29 23 27 35 3 13 37 17 9 1 47 49 31 39 41 21 19 33 
832 7 23 1 15 47 11 37 39 31 17 9 3 19 13 
833 21 39 43 9 27 23 31 3 13 1 41 17 33 49 11 19 
834 43 29 5 31 35 9 47 1 13 37 19 41 15 33 49 39 11 25 
835 33 15 25 39 43 49 23 7 45 19 11 17 47 
836 29 15 33 47 41 13 11 1 31 5 23 35 27 45 25 37 19 
837 15 9 45 19 43 11 7 47 29 27 39 
838 21 9 39 25 1 5 49 37 15 31 11 43 19 47 41 
839 23 41 35 39 1 45 7 47 27 13 49 15 
840 45 21 23 7 15 47 37 43 9 3 49 25 
841 29 37 49 41 23 47 5 19 33 1 9 
842 21 19 45 27 35 11 7 5 29 31 39 15 43 9 17 13 
843 1 37 21 49 9 17 43 23 45 33 31 27 7 
844 31 41 17 11 43 33 45 3 47 27 49 15 25 5 
845 41 7 25 15 43 37 1 21 49 
846 25 9 33 41 13 11 7 35 45 21 15 1 3 39 
847 47 43 3 37 23 17 1 35 25 39 31 49 27 7 9 13 41 19 
848 49 7 21 39 47 9 13 19 23 1 37 29 11 5 
849 33 1 11 5 35 49 19 45 13 39 17 31 37 23 
850 7 31 3 15 5 49 29 39 9 45 43 19 37 21 
851 11 41 45 5 15 19 49 23 1 33 9 3 35 29 27 7 
852 49 39 43 31 41 29 37 17 27 23 21 1 35 45 15 
853 33 47 15 13 11 3 29 25 27 37 23 35 19 41 
854 5 49 43 41 13 39 21 15 7 37 47 23 45 
855 7 37 9 19 23 5 27 49 3 39 43 11 45 
856 3 33 17 31 15 35 25 1 41 7 19 45 47 11 
857 47 3 43 17 23 19 29 15 31 49 27 7 35 25 1 9 
858 49 33 7 3 41 19 17 5 47 9 13 29 35 43 
859 3 45 25 5 7 13 43 29 31 11 41 47 1 49 15 
860 39 33 43 21 29 37 25 9 3 15 41 45 47 31 
861 19 3 15 27 25 21 5 29 49 37 17 
862 47 39 13 41 19 45 29 17 25 27 5 37 11 35 1 
863 17 7 37 11 45 23 3 47 27 43 13 1 
864 1 5 17 29 27 45 41 25 39 37 35 21 49 47 7 
865 41 5 15 9 1 49 3 27 39 17 19 11 47 7 35 37 25 
866 13 27 23 33 31 45 47 7 1 11 5 
867 43 17 7 9 33 39 35 37 27 41 31 25 49 29 3 5 11 
868 23 29 5 49 9 33 41 31 25 43 15 11 1 21 45 13 39 27 
869 9 23 15 27 19 29 43 37 45 33 41 17 5 
870 33 13 21 19 11 41 25 27 9 35 
871 17 23 43 37 19 13 27 45 47 7 5 
872 35 37 5 31 23 1 39 43 25 49 7 
873 17 43 45 15 35 3 21 7 29 33 31 13 19 25 47 
874 29 43 47 25 31 27 19 3 23 9 15 21 37 
875 3 45 41 1 47 15 27 7 17 39 5 49 23 29 
876 23 7 43 17 11 1 35 31 41 21 49 5 33 
877 33 9 29 17 23 1 15 25 47 49 19 
878 41 27 43 1 23 49 13 11 9 33 3 45 7 21 25 
879 1 5 29 47 19 27 9 7 37 
880 27 5 47 15 23 21 29 19 49 35 37 39 25 3 
881 35 15 19 27 5 11 47 13 29 49 25 31 23 45 39 41 43 3 9 
882 21 33 37 27 31 3 7 29 13 43 41 17 5 
883 45 35 37 23 17 41 27 43 21 33 19 11 49 47 
884 23 39 21 13 29 17 35 3 41 5 1 9 11 7 27 31 19 
885 29 9 41 17 23 35 11 15 21 39 19 45 27 7 33 37 
886 27 1 21 19 41 13 47 23 37 11 25 15 
887 41 19 33 45 47 21 25 39 43 17 
888 13 35 33 19 43 3 41 7 11 1 
889 17 7 3 43 41 29 9 5 45 19 35 49 
890 9 23 29 35 45 31 15 11 13 19 37 39 49 33 43 
891 31 11 49 45 27 19 7 41 33 15 25 47 21 13 29 
892 47 7 25 11 27 21 35 41 49 29 1 15 43 19 17 37 39 23 
893 47 15 5 35 45 37 9 49 43 7 41 21 25 3 29 
894 17 23 49 45 25 7 43 29 15 35 47 1 19 3 41 21 
895 43 39 13 25 19 37 27 47 29 7 41 9 17 23 21 15 3 
896 49 27 25 29 43 21 47 33 31 41 9 37 13 
897 23 47 1 17 37 45 43 35 11 25 31 27 
898 35 31 27 25 43 29 13 17 15 1 41 33 3 21 47 
899 45 15 47 11 25 9 7 35 19 21 17 31 29 
900 1 11 39 31 15 27 37 5 33 29 19 13 21 49 43 7 
901 7 21 13 31 5 35 39 23 29 33 43 19 45 
902 25 39 3 5 11 1 13 9 19 35 43 15 29 
903 37 5 27 15 21 33 13 19 7 47 31 43 
904 1 31 17 19 27 7 9 21 37 11 13 29 
905 1 45 49 23 29 3 21 43 7 41 39 19 17 27 9 35 
906 33 25 11 9 29 39 7 19 43 21 37 13 41 15 
907 39 17 29 19 11 1 25 7 33 35 43 47 21 27 9 45 
908 13 27 19 21 33 25 3 1 15 31 49 11 29 43 
909 39 27 47 3 13 1 25 35 23 43 41 33 19 45 17 
910 7 31 21 41 29 19 37 13 11 3 27 35 45 43 5 49 17 
911 31 15 7 23 39 41 43 21 11 1 3 27 
912 25 23 9 17 41 37 3 49 43 13 11 21 19 45 
913 37 39 5 27 29 23 43 19 49 3 47 35 15 41 1 17 
914 15 41 49 45 11 37 9 35 31 1 
915 25 15 5 33 13 49 1 41 35 11 29 17 47 
916 27 21 13 37 33 1 5 39 7 23 35 
917 39 1 31 37 23 7 25 49 43 17 
918 35 27 47 23 45 49 7 13 43 11 29 37 19 9 1 33 3 25 
919 49 7 33 29 45 17 3 35 23 47 19 41 
920 11 37 29 19 7 49 3 23 43 31 47 21 41 17 13 
921 5 15 1 43 47 19 25 45 9 35 17 21 3 27 
922 19 25 33 45 3 5 35 21 41 47 37 27 43 39 
923 7 31 13 21 3 25 41 19 35 23 43 33 17 5 
924 23 39 15 21 13 31 47 45 49 27 
925 21 19 35 31 27 15 25 45 41 39 17 47 29 13 43 
926 13 17 35 21 15 45 19 33 11 
927 43 1 49 31 13 27 5 37 35 19 11 33 
928 9 35 27 7 1 33 19 29 37 25 43 41 39 5 45 
929 47 11 21 37 29 7 45 3 39 43 27 25 13 49 23 33 35 
930 21 29 3 17 35 19 39 1 23 27 49 25 33 9 47 7 43 41 15 45 
931 23 31 9 25 5 1 49 11 15 13 45 33 27 19 3 37 
932 33 9 47 23 11 21 29 43 25 45 1 27 39 49 15 31 19 41 
933 21 43 35 33 39 45 27 31 7 3 1 47 29 41 13 19 
934 23 19 31 41 17 35 29 25 43 9 7 3 21 37 15 49 33 1 
935 19 27 5 35 43 9 29 25 21 31 13 15 11 39 3 49 17 41 7 
936 13 33 7 37 47 23 49 11 19 15 9 27 39 21 5 
937 9 29 11 15 5 45 3 35 49 23 21 27 43 39 31 13 
938 15 43 25 33 29 1 17 47 27 13 7 35 45 37 5 21 
939 25 3 5 7 41 35 9 15 27 33 31 11 21 23 
940 45 49 29 21 39 19 15 17 31 5 3 33 37 47 25 
941 9 7 39 21 1 29 11 3 13 19 5 25 49 35 23 
942 35 19 21 13 33 29 23 9 17 
943 45 7 43 39 29 37 17 49 21 27 35 47 3 31 23 1 11 
944 35 49 45 23 41 33 37 31 47 39 29 19 25 43 5 9 15 11 
945 11 41 15 49 3 23 33 31 25 35 39 17 1 43 27 45 29 
946 29 13 27 31 11 25 41 37 43 23 21 19 1 
947 19 11 23 35 21 37 25 15 41 45 29 27 9 47 31 39 5 
948 7 19 45 37 39 23 3 27 17 43 11 47 15 1 5 31 35 49 
949 31 37 9 47 33 45 43 15 39 5 1 25 
950 5 11 7 27 33 29 47 25 13 1 43 
951 47 23 49 27 43 35 37 33 15 45 21 25 11 
952 13 49 31 25 29 11 35 47 23 27 3 45 
953 45 35 39 3 29 11 25 17 5 15 27 33 
954 25 47 5 49 35 15 37 31 9 43 23 13 39 
955 29 7 23 19 13 3 17 35 37 39 
956 17 29 35 5 27 13 45 49 31 21 33 25 
957 41 43 27 47 37 29 21 3 25 1 11 5 
958 19 7 21 43 35 37 5 41 31 47 27 
959 11 1 3 43 47 5 9 15 31 25 39 29 41 35 13 49 45 37 
960 43 19 9 33 39 37 27 49 21 5 25 17 7 3 
961 35 23 19 45 27 25 33 43 29 31 9 7 47 13 
962 41 49 27 39 31 11 43 19 25 29 37 9 45 1 35 21 23 
963 5 25 1 11 43 3 15 29 21 31 45 39 7 13 
964 9 33 17 37 19 25 43 47 5 7 35 21 13 41 27 3 29 
965 21 47 3 11 49 45 29 35 43 41 13 23 37 17 
966 25 3 29 41 19 23 11 9 35 31 33 7 
967 31 23 3 19 35 39 27 41 43 9 33 29 1 15 
968 37 25 41 11 13 15 39 3 9 27 
969 25 49 39 41 29 45 21 9 47 37 7 27 
970 19 37 9 7 1 27 33 47 15 49 31 17 3 
971 29 5 25 35 27 1 21 19 47 43 31 
972 27 41 19 9 45 47 11 25 17 3 1 29 35 
973 25 35 15 49 21 47 11 1 31 45 7 27 41 37 5 
974 29 7 3 41 27 21 17 11 31 37 23 39 
975 5 45 35 17 15 27 19 9 25 7 13 41 49 
976 27 21 35 5 47 39 45 3 17 25 13 11 29 7 
977 9 45 29 27 33 47 37 39 15 5 17 11 19 21 
978 15 37 23 29 5 27 45 25 13 35 17 43 49 3 
979 49 1 41 43 23 5 35 33 13 19 47 37 45 21 3 
980 7 39 9 3 11 45 37 17 19 43 25 21 15 1 13 5 33 
981 35 31 41 11 29 25 5 43 47 39 21 7 1 45 13 23 
982 29 9 45 7 13 33 43 39 23 37 35 25 3 19 11 21 15 
983 25 39 45 35 27 47 29 23 13 41 7 19 31 3 15 17 21 1 
984 25 3 27 41 15 13 23 31 9 47 
985 25 13 39 17 29 15 33 31 11 9 47 35 49 3 45 43 27 1 
986 37 31 27 47 7 1 9 49 5 25 39 
987 39 13 35 31 33 45 17 19 37 43 
988 15 33 31 49 35 47 7 45 25 37 21 23 41 27 29 1 43 5 11 9 
989 11 5 41 35 47 1 7 31 25 19 
990 3 45 39 25 41 15 5 27 35 19 1 7 23 47 43 
991 11 45 35 33 37 23 43 27 25 1 39 9 5 21 47 31 29 19 15 41 
992 27 3 31 5 23 35 9 19 11 13 37 7 45 25 
993 27 31 23 15 39 5 7 25 1 33 37 
994 3 21 19 45 41 39 31 13 33 25 27 1 15 35 37 
995 3 39 7 41 9 15 25 33 31 23 17 37 43 
996 23 25 9 7 33 27 13 21 1 39 17 5 29 45 31 15 43 19 
997 29 41 17 1 9 43 7 33 3 27 19 45 49 25 23 
998 33 37 43 35 27 23 25 5 3 49 13 41 9 29 21 
999 7 15 25 3 17 29 11 31 47 49 19 
